0.000000000000000000e+00 0.000000000000000000e+00 7.000000000000000666e-02
0.000000000000000000e+00 0.000000000000000000e+00 7.150494949494949626e-02
0.000000000000000000e+00 0.000000000000000000e+00 7.300989898989899973e-02
0.000000000000000000e+00 0.000000000000000000e+00 7.451484848484848933e-02
0.000000000000000000e+00 0.000000000000000000e+00 7.601979797979799280e-02
0.000000000000000000e+00 0.000000000000000000e+00 7.752474747474748240e-02
0.000000000000000000e+00 0.000000000000000000e+00 7.902969696969697200e-02
0.000000000000000000e+00 0.000000000000000000e+00 8.053464646464647547e-02
0.000000000000000000e+00 0.000000000000000000e+00 8.203959595959596507e-02
0.000000000000000000e+00 0.000000000000000000e+00 8.354454545454545467e-02
0.000000000000000000e+00 0.000000000000000000e+00 8.504949494949495814e-02
0.000000000000000000e+00 0.000000000000000000e+00 8.655444444444444774e-02
0.000000000000000000e+00 0.000000000000000000e+00 8.805939393939393733e-02
0.000000000000000000e+00 0.000000000000000000e+00 8.956434343434344081e-02
0.000000000000000000e+00 0.000000000000000000e+00 9.106929292929293041e-02
0.000000000000000000e+00 0.000000000000000000e+00 9.257424242424242000e-02
0.000000000000000000e+00 0.000000000000000000e+00 9.407919191919192348e-02
0.000000000000000000e+00 0.000000000000000000e+00 9.558414141414142695e-02
0.000000000000000000e+00 0.000000000000000000e+00 9.708909090909091655e-02
0.000000000000000000e+00 0.000000000000000000e+00 9.859404040404040614e-02
0.000000000000000000e+00 0.000000000000000000e+00 1.000989898989899096e-01
0.000000000000000000e+00 0.000000000000000000e+00 1.016039393939393992e-01
0.000000000000000000e+00 0.000000000000000000e+00 1.031088888888888888e-01
0.000000000000000000e+00 0.000000000000000000e+00 1.046138383838383923e-01
0.000000000000000000e+00 0.000000000000000000e+00 1.061187878787878819e-01
0.000000000000000000e+00 0.000000000000000000e+00 1.076237373737373715e-01
0.000000000000000000e+00 0.000000000000000000e+00 1.091286868686868750e-01
0.000000000000000000e+00 0.000000000000000000e+00 1.106336363636363646e-01
0.000000000000000000e+00 0.000000000000000000e+00 1.121385858585858541e-01
0.000000000000000000e+00 0.000000000000000000e+00 1.136435353535353576e-01
0.000000000000000000e+00 0.000000000000000000e+00 1.151484848484848472e-01
0.000000000000000000e+00 0.000000000000000000e+00 1.166534343434343368e-01
0.000000000000000000e+00 0.000000000000000000e+00 1.181583838383838403e-01
0.000000000000000000e+00 0.000000000000000000e+00 1.196633333333333438e-01
0.000000000000000000e+00 0.000000000000000000e+00 1.211682828282828334e-01
0.000000000000000000e+00 0.000000000000000000e+00 1.226732323232323230e-01
0.000000000000000000e+00 0.000000000000000000e+00 1.241781818181818264e-01
0.000000000000000000e+00 0.000000000000000000e+00 1.256831313131313022e-01
0.000000000000000000e+00 0.000000000000000000e+00 1.271880808080808056e-01
0.000000000000000000e+00 0.000000000000000000e+00 1.286930303030303091e-01
0.000000000000000000e+00 0.000000000000000000e+00 1.301979797979798126e-01
0.000000000000000000e+00 0.000000000000000000e+00 1.317029292929292883e-01
0.000000000000000000e+00 0.000000000000000000e+00 1.332078787878787918e-01
0.000000000000000000e+00 0.000000000000000000e+00 1.347128282828282675e-01
0.000000000000000000e+00 0.000000000000000000e+00 1.362177777777777710e-01
0.000000000000000000e+00 0.000000000000000000e+00 1.377227272727272744e-01
0.000000000000000000e+00 0.000000000000000000e+00 1.392276767676767779e-01
0.000000000000000000e+00 0.000000000000000000e+00 1.407326262626262814e-01
0.000000000000000000e+00 0.000000000000000000e+00 1.422375757575757571e-01
0.000000000000000000e+00 0.000000000000000000e+00 1.437425252525252328e-01
0.000000000000000000e+00 0.000000000000000000e+00 1.452474747474747363e-01
0.000000000000000000e+00 0.000000000000000000e+00 1.467524242424242398e-01
0.000000000000000000e+00 0.000000000000000000e+00 1.482573737373737432e-01
0.000000000000000000e+00 0.000000000000000000e+00 1.497623232323232467e-01
0.000000000000000000e+00 0.000000000000000000e+00 1.512672727272727224e-01
0.000000000000000000e+00 0.000000000000000000e+00 1.527722222222222259e-01
0.000000000000000000e+00 0.000000000000000000e+00 1.542771717171717016e-01
0.000000000000000000e+00 0.000000000000000000e+00 1.557821212121212051e-01
0.000000000000000000e+00 0.000000000000000000e+00 1.572870707070707086e-01
0.000000000000000000e+00 0.000000000000000000e+00 1.587920202020202121e-01
0.000000000000000000e+00 0.000000000000000000e+00 1.602969696969696878e-01
0.000000000000000000e+00 0.000000000000000000e+00 1.618019191919191913e-01
0.000000000000000000e+00 0.000000000000000000e+00 1.633068686868686670e-01
0.000000000000000000e+00 0.000000000000000000e+00 1.648118181818181704e-01
0.000000000000000000e+00 0.000000000000000000e+00 1.663167676767676739e-01
0.000000000000000000e+00 0.000000000000000000e+00 1.678217171717171774e-01
0.000000000000000000e+00 0.000000000000000000e+00 1.693266666666666809e-01
0.000000000000000000e+00 0.000000000000000000e+00 1.708316161616161566e-01
0.000000000000000000e+00 0.000000000000000000e+00 1.723365656565656601e-01
0.000000000000000000e+00 0.000000000000000000e+00 1.738415151515151358e-01
0.000000000000000000e+00 0.000000000000000000e+00 1.753464646464646393e-01
0.000000000000000000e+00 0.000000000000000000e+00 1.768514141414141427e-01
0.000000000000000000e+00 0.000000000000000000e+00 1.783563636363636462e-01
0.000000000000000000e+00 0.000000000000000000e+00 1.798613131313131219e-01
0.000000000000000000e+00 0.000000000000000000e+00 1.813662626262626254e-01
0.000000000000000000e+00 0.000000000000000000e+00 1.828712121212121011e-01
0.000000000000000000e+00 0.000000000000000000e+00 1.843761616161616046e-01
0.000000000000000000e+00 0.000000000000000000e+00 1.858811111111111081e-01
0.000000000000000000e+00 0.000000000000000000e+00 1.873860606060606115e-01
0.000000000000000000e+00 0.000000000000000000e+00 1.888910101010101150e-01
0.000000000000000000e+00 0.000000000000000000e+00 1.903959595959595907e-01
0.000000000000000000e+00 0.000000000000000000e+00 1.919009090909090665e-01
0.000000000000000000e+00 0.000000000000000000e+00 1.934058585858585699e-01
0.000000000000000000e+00 0.000000000000000000e+00 1.949108080808080734e-01
0.000000000000000000e+00 0.000000000000000000e+00 1.964157575757575769e-01
0.000000000000000000e+00 0.000000000000000000e+00 1.979207070707070526e-01
0.000000000000000000e+00 0.000000000000000000e+00 1.994256565656565561e-01
0.000000000000000000e+00 0.000000000000000000e+00 2.009306060606060595e-01
0.000000000000000000e+00 0.000000000000000000e+00 2.024355555555555353e-01
0.000000000000000000e+00 0.000000000000000000e+00 2.039405050505050387e-01
0.000000000000000000e+00 0.000000000000000000e+00 2.054454545454545422e-01
0.000000000000000000e+00 0.000000000000000000e+00 2.069504040404040457e-01
0.000000000000000000e+00 0.000000000000000000e+00 2.084553535353535214e-01
0.000000000000000000e+00 0.000000000000000000e+00 2.099603030303030249e-01
0.000000000000000000e+00 0.000000000000000000e+00 2.114652525252525284e-01
0.000000000000000000e+00 0.000000000000000000e+00 2.129702020202020041e-01
0.000000000000000000e+00 0.000000000000000000e+00 2.144751515151515076e-01
0.000000000000000000e+00 0.000000000000000000e+00 2.159801010101010110e-01
0.000000000000000000e+00 0.000000000000000000e+00 2.174850505050504867e-01
0.000000000000000000e+00 0.000000000000000000e+00 2.189899999999999902e-01
