0.0000000000000000 0.0001000636624270 0.0000006452485469 0.0000000000626696 0.0000000000000001 0.0000000000000000 0.0000000000000000 0.0000000000000000 0.0000000000000000 0.0000000000000000 
0.0000000000000000 0.0000999218350583 0.0000007036013190 0.0000000000777536 0.0000000000000002 0.0000000000000000 0.0000000000000000 0.0000000000000000 0.0000000000000000 0.0000000000000000 
0.0000000000000000 0.0000997922991475 0.0000008904802064 0.0000000001343317 0.0000000000000004 0.0000000000000000 0.0000000000000000 0.0000000000000000 0.0000000000000000 0.0000000000000000 
0.0000000000000000 0.0000990911512538 0.0000012418362045 0.0000000002746079 0.0000000000000013 0.0000000000000000 0.0000000000000000 0.0000000000000000 0.0000000000000000 0.0000000000000000 
0.0000000000000000 0.0000969738881516 0.0000018188042810 0.0000000006011794 0.0000000000000042 0.0000000000000000 0.0000000000000000 0.0000000000000000 0.0000000000000000 0.0000000000000000 
0.0000000000000000 0.0000926875426549 0.0000027074989042 0.0000000013441324 0.0000000000000141 0.0000000000000000 0.0000000000000000 0.0000000000000000 0.0000000000000000 0.0000000000000000 
0.0000000000000000 0.0000857523923034 0.0000040150425267 0.0000000029987795 0.0000000000000471 0.0000000000000000 0.0000000000000000 0.0000000000000000 0.0000000000000000 0.0000000000000000 
0.0000000000000000 0.0000762043160757 0.0000058584573082 0.0000000065922815 0.0000000000001556 0.0000000000000000 0.0000000000000000 0.0000000000000000 0.0000000000000000 0.0000000000000000 
0.0000000000000000 0.0000645890822382 0.0000083431175142 0.0000000141721696 0.0000000000005024 0.0000000000000000 0.0000000000000000 0.0000000000000000 0.0000000000000000 0.0000000000000000 
0.0000000000000000 0.0000519117899426 0.0000115292288871 0.0000000296502354 0.0000000000015790 0.0000000000000000 0.0000000000000000 0.0000000000000000 0.0000000000000000 0.0000000000000000 
0.0000000000000000 0.0000393734554100 0.0000153886777625 0.0000000601674407 0.0000000000048137 0.0000000000000000 0.0000000000000000 0.0000000000000000 0.0000000000000000 0.0000000000000000 
0.0000000000000000 0.0000280693835203 0.0000197608918637 0.0000001181392872 0.0000000000142001 0.0000000000000000 0.0000000000000000 0.0000000000000000 0.0000000000000000 0.0000000000000000 
0.0000000000000000 0.0000187461083224 0.0000243235579120 0.0000002240490881 0.0000000000404637 0.0000000000000002 0.0000000000000000 0.0000000000000000 0.0000000000000000 0.0000000000000000 
0.0000000000000000 0.0000116960019083 0.0000284932928560 0.0000004098156826 0.0000000001112302 0.0000000000000006 0.0000000000000000 0.0000000000000000 0.0000000000000000 0.0000000000000000 
0.0000000000000000 0.0000068015580063 0.0000317996533303 0.0000007221183359 0.0000000002946557 0.0000000000000025 0.0000000000000000 0.0000000000000000 0.0000000000000000 0.0000000000000000 
0.0000000000000000 0.0000036794411709 0.0000337048206466 0.0000012242873245 0.0000000007515968 0.0000000000000097 0.0000000000000000 0.0000000000000000 0.0000000000000000 0.0000000000000000 
0.0000000000000000 0.0000018486198304 0.0000337744428424 0.0000019949089301 0.0000000018447853 0.0000000000000358 0.0000000000000000 0.0000000000000000 0.0000000000000000 0.0000000000000000 
0.0000000000000000 0.0000008613981083 0.0000319116299345 0.0000031206950585 0.0000000043547408 0.0000000000001270 0.0000000000000000 0.0000000000000000 0.0000000000000000 0.0000000000000000 
0.0000000000000000 0.0000003718249803 0.0000283472834501 0.0000046798619481 0.0000000098818537 0.0000000000004328 0.0000000000000000 0.0000000000000000 0.0000000000000000 0.0000000000000000 
0.0000000000000000 0.0000001485297701 0.0000236143535635 0.0000067165112269 0.0000000215480569 0.0000000000014179 0.0000000000000000 0.0000000000000000 0.0000000000000000 0.0000000000000000 
0.0000000000000000 0.0000000548595739 0.0000184055498322 0.0000092073276416 0.0000000451364045 0.0000000000044620 0.0000000000000000 0.0000000000000000 0.0000000000000000 0.0000000000000000 
0.0000000000000000 0.0000000187210675 0.0000133948275651 0.0000120290307435 0.0000000907952732 0.0000000000134851 0.0000000000000000 0.0000000000000000 0.0000000000000000 0.0000000000000000 
0.0000000000000000 0.0000000058988404 0.0000090854786775 0.0000149401068913 0.0000001753443046 0.0000000000391312 0.0000000000000002 0.0000000000000000 0.0000000000000000 0.0000000000000000 
0.0000000000000000 0.0000000017152036 0.0000057342825484 0.0000175698198672 0.0000003249967280 0.0000000001090048 0.0000000000000008 0.0000000000000000 0.0000000000000000 0.0000000000000000 
0.0000000000000000 0.0000000004600063 0.0000033628894134 0.0000195552389361 0.0000005779243119 0.0000000002914385 0.0000000000000031 0.0000000000000000 0.0000000000000000 0.0000000000000000 
0.0000000000000000 0.0000000001137427 0.0000018302252778 0.0000205206586220 0.0000009855384742 0.0000000007477549 0.0000000000000119 0.0000000000000000 0.0000000000000000 0.0000000000000000 
0.0000000000000000 0.0000000000259197 0.0000009233731010 0.0000202475989444 0.0000016104391892 0.0000000018408687 0.0000000000000441 0.0000000000000000 0.0000000000000000 0.0000000000000000 
0.0000000000000000 0.0000000000053613 0.0000004312352779 0.0000187368092974 0.0000025201766473 0.0000000043479392 0.0000000000001566 0.0000000000000000 0.0000000000000000 0.0000000000000000 
0.0000000000000000 0.0000000000010375 0.0000001864478345 0.0000162225317333 0.0000037728018867 0.0000000098512543 0.0000000000005332 0.0000000000000000 0.0000000000000000 0.0000000000000000 
0.0000000000000000 0.0000000000001849 0.0000000745359431 0.0000131128263796 0.0000053956491820 0.0000000214090947 0.0000000000017408 0.0000000000000000 0.0000000000000000 0.0000000000000000 
0.0000000000000000 0.0000000000000303 0.0000000275328903 0.0000098759324759 0.0000073593969139 0.0000000446223641 0.0000000000054511 0.0000000000000000 0.0000000000000000 0.0000000000000000 
0.0000000000000000 0.0000000000000046 0.0000000093920609 0.0000069184373377 0.0000095543715020 0.0000000891855274 0.0000000000163706 0.0000000000000001 0.0000000000000000 0.0000000000000000 
0.0000000000000000 0.0000000000000006 0.0000000029571076 0.0000045011106318 0.0000117801489448 0.0000001708996580 0.0000000000471473 0.0000000000000003 0.0000000000000000 0.0000000000000000 
0.0000000000000000 0.0000000000000001 0.0000000008589535 0.0000027159373931 0.0000137602602578 0.0000003138976267 0.0000000001302053 0.0000000000000011 0.0000000000000000 0.0000000000000000 
0.0000000000000000 0.0000000000000000 0.0000000002300855 0.0000015181659136 0.0000151888168576 0.0000005524230825 0.0000000003447913 0.0000000000000045 0.0000000000000000 0.0000000000000000 
0.0000000000000000 0.0000000000000000 0.0000000000525585 0.0000007853519730 0.0000158021530505 0.0000009310177079 0.0000000008754199 0.0000000000000173 0.0000000000000000 0.0000000000000000 
0.0000000000000000 0.0000000000000000 0.0000000000118783 0.0000003756382484 0.0000154560878026 0.0000015013928780 0.0000000021310173 0.0000000000000631 0.0000000000000000 0.0000000000000000 
0.0000000000000000 0.0000000000000000 0.0000000000024838 0.0000001645916397 0.0000139704695644 0.0000023144684744 0.0000000049733298 0.0000000000002214 0.0000000000000000 0.0000000000000000 
0.0000000000000000 0.0000000000000000 0.0000000000004784 0.0000000671269964 0.0000119622057169 0.0000034058381962 0.0000000111269441 0.0000000000007441 0.0000000000000000 0.0000000000000000 
0.0000000000000000 0.0000000000000000 0.0000000000000849 0.0000000252625764 0.0000095634945984 0.0000047760266829 0.0000000238644041 0.0000000000023976 0.0000000000000000 0.0000000000000000 
0.0000000000000000 0.0000000000000000 0.0000000000000139 0.0000000087684536 0.0000071255960235 0.0000063693354000 0.0000000490617680 0.0000000000074054 0.0000000000000000 0.0000000000000000 
0.0000000000000000 0.0000000000000000 0.0000000000000021 0.0000000028057547 0.0000049397395343 0.0000080593344753 0.0000000966752671 0.0000000000219259 0.0000000000000001 0.0000000000000000 
0.0000000000000000 0.0000000000000000 0.0000000000000003 0.0000000008273374 0.0000031331414023 0.0000096514499966 0.0000001825619270 0.0000000000622271 0.0000000000000004 0.0000000000000000 
0.0000000000000000 0.0000000000000000 0.0000000000000000 0.0000000002247361 0.0000018695879096 0.0000109101949467 0.0000003303237953 0.0000000001692795 0.0000000000000018 0.0000000000000000 
0.0000000000000000 0.0000000000000000 0.0000000000000000 0.0000000000562197 0.0000010339423313 0.0000116110220405 0.0000005724913284 0.0000000004413880 0.0000000000000072 0.0000000000000000 
0.0000000000000000 0.0000000000000000 0.0000000000000000 0.0000000000127906 0.0000005294308473 0.0000115957313678 0.0000009498158879 0.0000000011031047 0.0000000000000269 0.0000000000000000 
0.0000000000000000 0.0000000000000000 0.0000000000000000 0.0000000000027095 0.0000002507847503 0.0000108537647390 0.0000015077357482 0.0000000026422970 0.0000000000000967 0.0000000000000000 
0.0000000000000000 0.0000000000000000 0.0000000000000000 0.0000000000005285 0.0000001098095625 0.0000094948433419 0.0000022876378546 0.0000000060660007 0.0000000000003337 0.0000000000000000 
0.0000000000000000 0.0000000000000000 0.0000000000000000 0.0000000000000949 0.0000000444154887 0.0000077467788489 0.0000033117527408 0.0000000133463737 0.0000000000011029 0.0000000000000000 
0.0000000000000000 0.0000000000000000 0.0000000000000000 0.0000000000000157 0.0000000165714581 0.0000058734143689 0.0000045707170544 0.0000000281411236 0.0000000000034938 0.0000000000000000 
0.0000000000000000 0.0000000000000000 0.0000000000000000 0.0000000000000024 0.0000000057100207 0.0000041453352463 0.0000060005236055 0.0000000568593092 0.0000000000106074 0.0000000000000000 
0.0000000000000000 0.0000000000000000 0.0000000000000000 0.0000000000000003 0.0000000018146413 0.0000027152494608 0.0000074768814807 0.0000001100744156 0.0000000000308636 0.0000000000000002 
0.0000000000000000 0.0000000000000000 0.0000000000000000 0.0000000000000000 0.0000000005316673 0.0000016484728366 0.0000088213579152 0.0000002041281191 0.0000000000860616 0.0000000000000008 
0.0000000000000000 0.0000000000000000 0.0000000000000000 0.0000000000000000 0.0000000001385778 0.0000009266060647 0.0000098293599322 0.0000003624964332 0.0000000002299795 0.0000000000000031 
0.0000000000000000 0.0000000000000000 0.0000000000000000 0.0000000000000000 0.0000000000344339 0.0000004817522532 0.0000103180256627 0.0000006161148022 0.0000000005889520 0.0000000000000118 
0.0000000000000000 0.0000000000000000 0.0000000000000000 0.0000000000000000 0.0000000000078810 0.0000002314846411 0.0000101393922214 0.0000010015101037 0.0000000014453582 0.0000000000000435 
0.0000000000000000 0.0000000000000000 0.0000000000000000 0.0000000000000000 0.0000000000016610 0.0000001027228516 0.0000093687166818 0.0000015553628623 0.0000000033991417 0.0000000000001538 
0.0000000000000000 0.0000000000000000 0.0000000000000000 0.0000000000000000 0.0000000000003223 0.0000000420712247 0.0000080965274591 0.0000023045436701 0.0000000076604326 0.0000000000005206 
0.0000000000000000 0.0000000000000000 0.0000000000000000 0.0000000000000000 0.0000000000000563 0.0000000158942013 0.0000065306658915 0.0000032523208304 0.0000000165430919 0.0000000000016891 
0.0000000000000000 0.0000000000000000 0.0000000000000000 0.0000000000000000 0.0000000000000092 0.0000000055363134 0.0000048372076126 0.0000043628124393 0.0000000342328261 0.0000000000052513 
0.0000000000000000 0.0000000000000000 0.0000000000000000 0.0000000000000000 0.0000000000000014 0.0000000017772572 0.0000033752331328 0.0000055501445860 0.0000000678740838 0.0000000000156443 
0.0000000000000000 0.0000000000000000 0.0000000000000000 0.0000000000000000 0.0000000000000002 0.0000000005256170 0.0000021871894777 0.0000066791549607 0.0000001289299917 0.0000000000446606 
0.0000000000000000 0.0000000000000000 0.0000000000000000 0.0000000000000000 0.0000000000000000 0.0000000001427287 0.0000013076870908 0.0000075838106520 0.0000002345805113 0.0000000001221705 
0.0000000000000000 0.0000000000000000 0.0000000000000000 0.0000000000000000 0.0000000000000000 0.0000000000357915 0.0000007278577648 0.0000081020754419 0.0000004087169915 0.0000000003202412 
0.0000000000000000 0.0000000000000000 0.0000000000000000 0.0000000000000000 0.0000000000000000 0.0000000000082617 0.0000003749251340 0.0000081258058766 0.0000006816125793 0.0000000008043652 
0.0000000000000000 0.0000000000000000 0.0000000000000000 0.0000000000000000 0.0000000000000000 0.0000000000017551 0.0000001786142695 0.0000076311960901 0.0000010872220104 0.0000000019359286 
0.0000000000000000 0.0000000000000000 0.0000000000000000 0.0000000000000000 0.0000000000000000 0.0000000000003418 0.0000000786297885 0.0000066939643300 0.0000016573054675 0.0000000044645596 
0.0000000000000000 0.0000000000000000 0.0000000000000000 0.0000000000000000 0.0000000000000000 0.0000000000000615 0.0000000319647089 0.0000054761429240 0.0000024111943507 0.0000000098653043 
0.0000000000000000 0.0000000000000000 0.0000000000000000 0.0000000000000000 0.0000000000000000 0.0000000000000102 0.0000000119926689 0.0000041693563652 0.0000033413036448 0.0000000208865634 
0.0000000000000000 0.0000000000000000 0.0000000000000000 0.0000000000000000 0.0000000000000000 0.0000000000000015 0.0000000040734168 0.0000029478060307 0.0000044051965461 0.0000000423659400 
0.0000000000000000 0.0000000000000000 0.0000000000000000 0.0000000000000000 0.0000000000000000 0.0000000000000002 0.0000000012989154 0.0000019348482769 0.0000055064867076 0.0000000823201206 
0.0000000000000000 0.0000000000000000 0.0000000000000000 0.0000000000000000 0.0000000000000000 0.0000000000000000 0.0000000003817663 0.0000011768835621 0.0000065208951010 0.0000001531944709 
0.0000000000000000 0.0000000000000000 0.0000000000000000 0.0000000000000000 0.0000000000000000 0.0000000000000000 0.0000000001033850 0.0000006619291210 0.0000072921706971 0.0000002729500536 
0.0000000000000000 0.0000000000000000 0.0000000000000000 0.0000000000000000 0.0000000000000000 0.0000000000000000 0.0000000000257885 0.0000003446599215 0.0000076650618272 0.0000004653738713 
0.0000000000000000 0.0000000000000000 0.0000000000000000 0.0000000000000000 0.0000000000000000 0.0000000000000000 0.0000000000059233 0.0000001658337995 0.0000075822236385 0.0000007587048963 
0.0000000000000000 0.0000000000000000 0.0000000000000000 0.0000000000000000 0.0000000000000000 0.0000000000000000 0.0000000000012526 0.0000000736798504 0.0000070295600672 0.0000011815263290 
0.0000000000000000 0.0000000000000000 0.0000000000000000 0.0000000000000000 0.0000000000000000 0.0000000000000000 0.0000000000002304 0.0000000302099138 0.0000060943965330 0.0000017551681329 
0.0000000000000000 0.0000000000000000 0.0000000000000000 0.0000000000000000 0.0000000000000000 0.0000000000000000 0.0000000000000412 0.0000000114246643 0.0000049306541844 0.0000024828822969 
0.0000000000000000 0.0000000000000000 0.0000000000000000 0.0000000000000000 0.0000000000000000 0.0000000000000000 0.0000000000000068 0.0000000039831561 0.0000036970095594 0.0000033378401090 
0.0000000000000000 0.0000000000000000 0.0000000000000000 0.0000000000000000 0.0000000000000000 0.0000000000000000 0.0000000000000010 0.0000000012797472 0.0000025893666895 0.0000042546232918 
0.0000000000000000 0.0000000000000000 0.0000000000000000 0.0000000000000000 0.0000000000000000 0.0000000000000000 0.0000000000000001 0.0000000003787732 0.0000016839994676 0.0000051292547769 
0.0000000000000000 0.0000000000000000 0.0000000000000000 0.0000000000000000 0.0000000000000000 0.0000000000000000 0.0000000000000000 0.0000000001032421 0.0000010082709574 0.0000058329931343 
0.0000000000000000 0.0000000000000000 0.0000000000000000 0.0000000000000000 0.0000000000000000 0.0000000000000000 0.0000000000000000 0.0000000000259082 0.0000005629567192 0.0000062414939812 
0.0000000000000000 0.0000000000000000 0.0000000000000000 0.0000000000000000 0.0000000000000000 0.0000000000000000 0.0000000000000000 0.0000000000059844 0.0000002908736141 0.0000062679142550 
0.0000000000000000 0.0000000000000000 0.0000000000000000 0.0000000000000000 0.0000000000000000 0.0000000000000000 0.0000000000000000 0.0000000000012691 0.0000001389594097 0.0000058932058906 
0.0000000000000000 0.0000000000000000 0.0000000000000000 0.0000000000000000 0.0000000000000000 0.0000000000000000 0.0000000000000000 0.0000000000002482 0.0000000613337598 0.0000051756902629 
0.0000000000000000 0.0000000000000000 0.0000000000000000 0.0000000000000000 0.0000000000000000 0.0000000000000000 0.0000000000000000 0.0000000000000447 0.0000000247043522 0.0000042380619035 
0.0000000000000000 0.0000000000000000 0.0000000000000000 0.0000000000000000 0.0000000000000000 0.0000000000000000 0.0000000000000000 0.0000000000000074 0.0000000092852735 0.0000032294268077 
0.0000000000000000 0.0000000000000000 0.0000000000000000 0.0000000000000000 0.0000000000000000 0.0000000000000000 0.0000000000000000 0.0000000000000011 0.0000000032189085 0.0000022860461960 
0.0000000000000000 0.0000000000000000 0.0000000000000000 0.0000000000000000 0.0000000000000000 0.0000000000000000 0.0000000000000000 0.0000000000000002 0.0000000009990938 0.0000015015584283 
0.0000000000000000 0.0000000000000000 0.0000000000000000 0.0000000000000000 0.0000000000000000 0.0000000000000000 0.0000000000000000 0.0000000000000000 0.0000000002939843 0.0000009139159527 
0.0000000000000000 0.0000000000000000 0.0000000000000000 0.0000000000000000 0.0000000000000000 0.0000000000000000 0.0000000000000000 0.0000000000000000 0.0000000000790117 0.0000005148832564 
0.0000000000000000 0.0000000000000000 0.0000000000000000 0.0000000000000000 0.0000000000000000 0.0000000000000000 0.0000000000000000 0.0000000000000000 0.0000000000197237 0.0000002681960768 
0.0000000000000000 0.0000000000000000 0.0000000000000000 0.0000000000000000 0.0000000000000000 0.0000000000000000 0.0000000000000000 0.0000000000000000 0.0000000000045337 0.0000001291102690 
0.0000000000000000 0.0000000000000000 0.0000000000000000 0.0000000000000000 0.0000000000000000 0.0000000000000000 0.0000000000000000 0.0000000000000000 0.0000000000009593 0.0000000573907761 
0.0000000000000000 0.0000000000000000 0.0000000000000000 0.0000000000000000 0.0000000000000000 0.0000000000000000 0.0000000000000000 0.0000000000000000 0.0000000000001868 0.0000000235290341 
0.0000000000000000 0.0000000000000000 0.0000000000000000 0.0000000000000000 0.0000000000000000 0.0000000000000000 0.0000000000000000 0.0000000000000000 0.0000000000000335 0.0000000089014406 
0.0000000000000000 0.0000000000000000 0.0000000000000000 0.0000000000000000 0.0000000000000000 0.0000000000000000 0.0000000000000000 0.0000000000000000 0.0000000000000054 0.0000000031035574 
0.0000000000000000 0.0000000000000000 0.0000000000000000 0.0000000000000000 0.0000000000000000 0.0000000000000000 0.0000000000000000 0.0000000000000000 0.0000000000000008 0.0000000009974422 
0.0000000000000000 0.0000000000000000 0.0000000000000000 0.0000000000000000 0.0000000000000000 0.0000000000000000 0.0000000000000000 0.0000000000000000 0.0000000000000001 0.0000000002951956 
0.0000000000000000 0.0000000000000000 0.0000000000000000 0.0000000000000000 0.0000000000000000 0.0000000000000000 0.0000000000000000 0.0000000000000000 0.0000000000000000 0.0000000000804810 
0.0000000000000000 0.0000000000000000 0.0000000000000000 0.0000000000000000 0.0000000000000000 0.0000000000000000 0.0000000000000000 0.0000000000000000 0.0000000000000000 0.0000000000202009 
0.0000000000000000 0.0000000000000000 0.0000000000000000 0.0000000000000000 0.0000000000000000 0.0000000000000000 0.0000000000000000 0.0000000000000000 0.0000000000000000 0.0000000000046670 
0.0000000000000000 0.0000000000000000 0.0000000000000000 0.0000000000000000 0.0000000000000000 0.0000000000000000 0.0000000000000000 0.0000000000000000 0.0000000000000000 0.0000000000009922 
0.0000000000000000 0.0000000000000000 0.0000000000000000 0.0000000000000000 0.0000000000000000 0.0000000000000000 0.0000000000000000 0.0000000000000000 0.0000000000000000 0.0000000000001941 
0.0000000000000000 0.0000000000000000 0.0000000000000000 0.0000000000000000 0.0000000000000000 0.0000000000000000 0.0000000000000000 0.0000000000000000 0.0000000000000000 0.0000000000000349 
0.0000000000000000 0.0000000000000000 0.0000000000000000 0.0000000000000000 0.0000000000000000 0.0000000000000000 0.0000000000000000 0.0000000000000000 0.0000000000000000 0.0000000000000058 
0.0000000000000000 0.0000000000000000 0.0000000000000000 0.0000000000000000 0.0000000000000000 0.0000000000000000 0.0000000000000000 0.0000000000000000 0.0000000000000000 0.0000000000000009 
0.0000000000000000 0.0000000000000000 0.0000000000000000 0.0000000000000000 0.0000000000000000 0.0000000000000000 0.0000000000000000 0.0000000000000000 0.0000000000000000 0.0000000000000001 
0.0000000000000000 0.0000000000000000 0.0000000000000000 0.0000000000000000 0.0000000000000000 0.0000000000000000 0.0000000000000000 0.0000000000000000 0.0000000000000000 0.0000000000000000 
0.0000000000000000 0.0000000000000000 0.0000000000000000 0.0000000000000000 0.0000000000000000 0.0000000000000000 0.0000000000000000 0.0000000000000000 0.0000000000000000 0.0000000000000000 
0.0000000000000000 0.0000000000000000 0.0000000000000000 0.0000000000000000 0.0000000000000000 0.0000000000000000 0.0000000000000000 0.0000000000000000 0.0000000000000000 0.0000000000000000 
0.0000000000000000 0.0000000000000000 0.0000000000000000 0.0000000000000000 0.0000000000000000 0.0000000000000000 0.0000000000000000 0.0000000000000000 0.0000000000000000 0.0000000000000000 
0.0000000000000000 0.0000000000000000 0.0000000000000000 0.0000000000000000 0.0000000000000000 0.0000000000000000 0.0000000000000000 0.0000000000000000 0.0000000000000000 0.0000000000000000 
0.0000000000000000 0.0000000000000000 0.0000000000000000 0.0000000000000000 0.0000000000000000 0.0000000000000000 0.0000000000000000 0.0000000000000000 0.0000000000000000 0.0000000000000000 
0.0000000000000000 0.0000000000000000 0.0000000000000000 0.0000000000000000 0.0000000000000000 0.0000000000000000 0.0000000000000000 0.0000000000000000 0.0000000000000000 0.0000000000000000 
0.0000000000000000 0.0000000000000000 0.0000000000000000 0.0000000000000000 0.0000000000000000 0.0000000000000000 0.0000000000000000 0.0000000000000000 0.0000000000000000 0.0000000000000000 
0.0000000000000000 0.0000000000000000 0.0000000000000000 0.0000000000000000 0.0000000000000000 0.0000000000000000 0.0000000000000000 0.0000000000000000 0.0000000000000000 0.0000000000000000 
0.0000000000000000 0.0000000000000000 0.0000000000000000 0.0000000000000000 0.0000000000000000 0.0000000000000000 0.0000000000000000 0.0000000000000000 0.0000000000000000 0.0000000000000000 
0.0000000000000000 0.0000000000000000 0.0000000000000000 0.0000000000000000 0.0000000000000000 0.0000000000000000 0.0000000000000000 0.0000000000000000 0.0000000000000000 0.0000000000000000 
0.0000000000000000 0.0000000000000000 0.0000000000000000 0.0000000000000000 0.0000000000000000 0.0000000000000000 0.0000000000000000 0.0000000000000000 0.0000000000000000 0.0000000000000000 
0.0000000000000000 0.0000000000000000 0.0000000000000000 0.0000000000000000 0.0000000000000000 0.0000000000000000 0.0000000000000000 0.0000000000000000 0.0000000000000000 0.0000000000000000 
0.0000000000000000 0.0000000000000000 0.0000000000000000 0.0000000000000000 0.0000000000000000 0.0000000000000000 0.0000000000000000 0.0000000000000000 0.0000000000000000 0.0000000000000000 
0.0000000000000000 0.0000000000000000 0.0000000000000000 0.0000000000000000 0.0000000000000000 0.0000000000000000 0.0000000000000000 0.0000000000000000 0.0000000000000000 0.0000000000000000 
0.0000000000000000 0.0000000000000000 0.0000000000000000 0.0000000000000000 0.0000000000000000 0.0000000000000000 0.0000000000000000 0.0000000000000000 0.0000000000000000 0.0000000000000000 
0.0000000000000000 0.0000000000000000 0.0000000000000000 0.0000000000000000 0.0000000000000000 0.0000000000000000 0.0000000000000000 0.0000000000000000 0.0000000000000000 0.0000000000000000 
0.0000000000000000 0.0000000000000000 0.0000000000000000 0.0000000000000000 0.0000000000000000 0.0000000000000000 0.0000000000000000 0.0000000000000000 0.0000000000000000 0.0000000000000000 
0.0000000000000000 0.0000000000000000 0.0000000000000000 0.0000000000000000 0.0000000000000000 0.0000000000000000 0.0000000000000000 0.0000000000000000 0.0000000000000000 0.0000000000000000 
0.0000000000000000 0.0000000000000000 0.0000000000000000 0.0000000000000000 0.0000000000000000 0.0000000000000000 0.0000000000000000 0.0000000000000000 0.0000000000000000 0.0000000000000000 
0.0000000000000000 0.0000000000000000 0.0000000000000000 0.0000000000000000 0.0000000000000000 0.0000000000000000 0.0000000000000000 0.0000000000000000 0.0000000000000000 0.0000000000000000 
0.0000000000000000 0.0000000000000000 0.0000000000000000 0.0000000000000000 0.0000000000000000 0.0000000000000000 0.0000000000000000 0.0000000000000000 0.0000000000000000 0.0000000000000000 
0.0000000000000000 0.0000000000000000 0.0000000000000000 0.0000000000000000 0.0000000000000000 0.0000000000000000 0.0000000000000000 0.0000000000000000 0.0000000000000000 0.0000000000000000 
0.0000000000000000 0.0000000000000000 0.0000000000000000 0.0000000000000000 0.0000000000000000 0.0000000000000000 0.0000000000000000 0.0000000000000000 0.0000000000000000 0.0000000000000000 
0.0000000000000000 0.0000000000000000 0.0000000000000000 0.0000000000000000 0.0000000000000000 0.0000000000000000 0.0000000000000000 0.0000000000000000 0.0000000000000000 0.0000000000000000 
0.0000000000000000 0.0000000000000000 0.0000000000000000 0.0000000000000000 0.0000000000000000 0.0000000000000000 0.0000000000000000 0.0000000000000000 0.0000000000000000 0.0000000000000000 
0.0000000000000000 0.0000000000000000 0.0000000000000000 0.0000000000000000 0.0000000000000000 0.0000000000000000 0.0000000000000000 0.0000000000000000 0.0000000000000000 0.0000000000000000 
0.0000000000000000 0.0000000000000000 0.0000000000000000 0.0000000000000000 0.0000000000000000 0.0000000000000000 0.0000000000000000 0.0000000000000000 0.0000000000000000 0.0000000000000000 
0.0000000000000000 0.0000000000000000 0.0000000000000000 0.0000000000000000 0.0000000000000000 0.0000000000000000 0.0000000000000000 0.0000000000000000 0.0000000000000000 0.0000000000000000 
0.0000000000000000 0.0000000000000000 0.0000000000000000 0.0000000000000000 0.0000000000000000 0.0000000000000000 0.0000000000000000 0.0000000000000000 0.0000000000000000 0.0000000000000000 
0.0000000000000000 0.0000000000000000 0.0000000000000000 0.0000000000000000 0.0000000000000000 0.0000000000000000 0.0000000000000000 0.0000000000000000 0.0000000000000000 0.0000000000000000 
0.0000000000000000 0.0000000000000000 0.0000000000000000 0.0000000000000000 0.0000000000000000 0.0000000000000000 0.0000000000000000 0.0000000000000000 0.0000000000000000 0.0000000000000000 
0.0000000000000000 0.0000000000000000 0.0000000000000000 0.0000000000000000 0.0000000000000000 0.0000000000000000 0.0000000000000000 0.0000000000000000 0.0000000000000000 0.0000000000000000 
0.0000000000000000 0.0000000000000000 0.0000000000000000 0.0000000000000000 0.0000000000000000 0.0000000000000000 0.0000000000000000 0.0000000000000000 0.0000000000000000 0.0000000000000000 
0.0000000000000000 0.0000000000000000 0.0000000000000000 0.0000000000000000 0.0000000000000000 0.0000000000000000 0.0000000000000000 0.0000000000000000 0.0000000000000000 0.0000000000000000 
0.0000000000000000 0.0000000000000000 0.0000000000000000 0.0000000000000000 0.0000000000000000 0.0000000000000000 0.0000000000000000 0.0000000000000000 0.0000000000000000 0.0000000000000000 
0.0000000000000000 0.0000000000000000 0.0000000000000000 0.0000000000000000 0.0000000000000000 0.0000000000000000 0.0000000000000000 0.0000000000000000 0.0000000000000000 0.0000000000000000 
0.0000000000000000 0.0000000000000000 0.0000000000000000 0.0000000000000000 0.0000000000000000 0.0000000000000000 0.0000000000000000 0.0000000000000000 0.0000000000000000 0.0000000000000000 
0.0000000000000000 0.0000000000000000 0.0000000000000000 0.0000000000000000 0.0000000000000000 0.0000000000000000 0.0000000000000000 0.0000000000000000 0.0000000000000000 0.0000000000000000 
0.0000000000000000 0.0000000000000000 0.0000000000000000 0.0000000000000000 0.0000000000000000 0.0000000000000000 0.0000000000000000 0.0000000000000000 0.0000000000000000 0.0000000000000000 
0.0000000000000000 0.0000000000000000 0.0000000000000000 0.0000000000000000 0.0000000000000000 0.0000000000000000 0.0000000000000000 0.0000000000000000 0.0000000000000000 0.0000000000000000 
0.0000000000000000 0.0000000000000000 0.0000000000000000 0.0000000000000000 0.0000000000000000 0.0000000000000000 0.0000000000000000 0.0000000000000000 0.0000000000000000 0.0000000000000000 
0.0000000000000000 0.0000000000000000 0.0000000000000000 0.0000000000000000 0.0000000000000000 0.0000000000000000 0.0000000000000000 0.0000000000000000 0.0000000000000000 0.0000000000000000 
0.0000000000000000 0.0000000000000000 0.0000000000000000 0.0000000000000000 0.0000000000000000 0.0000000000000000 0.0000000000000000 0.0000000000000000 0.0000000000000000 0.0000000000000000 
0.0000000000000000 0.0000000000000000 0.0000000000000000 0.0000000000000000 0.0000000000000000 0.0000000000000000 0.0000000000000000 0.0000000000000000 0.0000000000000000 0.0000000000000000 
0.0000000000000000 0.0000000000000000 0.0000000000000000 0.0000000000000000 0.0000000000000000 0.0000000000000000 0.0000000000000000 0.0000000000000000 0.0000000000000000 0.0000000000000000 
0.0000000000000000 0.0000000000000000 0.0000000000000000 0.0000000000000000 0.0000000000000000 0.0000000000000000 0.0000000000000000 0.0000000000000000 0.0000000000000000 0.0000000000000000 
0.0000000000000000 0.0000000000000000 0.0000000000000000 0.0000000000000000 0.0000000000000000 0.0000000000000000 0.0000000000000000 0.0000000000000000 0.0000000000000000 0.0000000000000000 
0.0000000000000000 0.0000000000000000 0.0000000000000000 0.0000000000000000 0.0000000000000000 0.0000000000000000 0.0000000000000000 0.0000000000000000 0.0000000000000000 0.0000000000000000 
0.0000000000000000 0.0000000000000000 0.0000000000000000 0.0000000000000000 0.0000000000000000 0.0000000000000000 0.0000000000000000 0.0000000000000000 0.0000000000000000 0.0000000000000000 
0.0000000000000000 0.0000000000000000 0.0000000000000000 0.0000000000000000 0.0000000000000000 0.0000000000000000 0.0000000000000000 0.0000000000000000 0.0000000000000000 0.0000000000000000 
0.0000000000000000 0.0000000000000000 0.0000000000000000 0.0000000000000000 0.0000000000000000 0.0000000000000000 0.0000000000000000 0.0000000000000000 0.0000000000000000 0.0000000000000000 
0.0000000000000000 0.0000000000000000 0.0000000000000000 0.0000000000000000 0.0000000000000000 0.0000000000000000 0.0000000000000000 0.0000000000000000 0.0000000000000000 0.0000000000000000 
0.0000000000000000 0.0000000000000000 0.0000000000000000 0.0000000000000000 0.0000000000000000 0.0000000000000000 0.0000000000000000 0.0000000000000000 0.0000000000000000 0.0000000000000000 
0.0000000000000000 0.0000000000000000 0.0000000000000000 0.0000000000000000 0.0000000000000000 0.0000000000000000 0.0000000000000000 0.0000000000000000 0.0000000000000000 0.0000000000000000 
0.0000000000000000 0.0000000000000000 0.0000000000000000 0.0000000000000000 0.0000000000000000 0.0000000000000000 0.0000000000000000 0.0000000000000000 0.0000000000000000 0.0000000000000000 
0.0000000000000000 0.0000000000000000 0.0000000000000000 0.0000000000000000 0.0000000000000000 0.0000000000000000 0.0000000000000000 0.0000000000000000 0.0000000000000000 0.0000000000000000 
0.0000000000000000 0.0000000000000000 0.0000000000000000 0.0000000000000000 0.0000000000000000 0.0000000000000000 0.0000000000000000 0.0000000000000000 0.0000000000000000 0.0000000000000000 
0.0000000000000000 0.0000000000000000 0.0000000000000000 0.0000000000000000 0.0000000000000000 0.0000000000000000 0.0000000000000000 0.0000000000000000 0.0000000000000000 0.0000000000000000 
0.0000000000000000 0.0000000000000000 0.0000000000000000 0.0000000000000000 0.0000000000000000 0.0000000000000000 0.0000000000000000 0.0000000000000000 0.0000000000000000 0.0000000000000000 
0.0000000000000000 0.0000000000000000 0.0000000000000000 0.0000000000000000 0.0000000000000000 0.0000000000000000 0.0000000000000000 0.0000000000000000 0.0000000000000000 0.0000000000000000 
0.0000000000000000 0.0000000000000000 0.0000000000000000 0.0000000000000000 0.0000000000000000 0.0000000000000000 0.0000000000000000 0.0000000000000000 0.0000000000000000 0.0000000000000000 
0.0000000000000000 0.0000000000000000 0.0000000000000000 0.0000000000000000 0.0000000000000000 0.0000000000000000 0.0000000000000000 0.0000000000000000 0.0000000000000000 0.0000000000000000 
0.0000000000000000 0.0000000000000000 0.0000000000000000 0.0000000000000000 0.0000000000000000 0.0000000000000000 0.0000000000000000 0.0000000000000000 0.0000000000000000 0.0000000000000000 
0.0000000000000000 0.0000000000000000 0.0000000000000000 0.0000000000000000 0.0000000000000000 0.0000000000000000 0.0000000000000000 0.0000000000000000 0.0000000000000000 0.0000000000000000 
0.0000000000000000 0.0000000000000000 0.0000000000000000 0.0000000000000000 0.0000000000000000 0.0000000000000000 0.0000000000000000 0.0000000000000000 0.0000000000000000 0.0000000000000000 
0.0000000000000000 0.0000000000000000 0.0000000000000000 0.0000000000000000 0.0000000000000000 0.0000000000000000 0.0000000000000000 0.0000000000000000 0.0000000000000000 0.0000000000000000 
0.0000000000000000 0.0000000000000000 0.0000000000000000 0.0000000000000000 0.0000000000000000 0.0000000000000000 0.0000000000000000 0.0000000000000000 0.0000000000000000 0.0000000000000000 
0.0000000000000000 0.0000000000000000 0.0000000000000000 0.0000000000000000 0.0000000000000000 0.0000000000000000 0.0000000000000000 0.0000000000000000 0.0000000000000000 0.0000000000000000 
0.0000000000000000 0.0000000000000000 0.0000000000000000 0.0000000000000000 0.0000000000000000 0.0000000000000000 0.0000000000000000 0.0000000000000000 0.0000000000000000 0.0000000000000000 
0.0000000000000000 0.0000000000000000 0.0000000000000000 0.0000000000000000 0.0000000000000000 0.0000000000000000 0.0000000000000000 0.0000000000000000 0.0000000000000000 0.0000000000000000 
0.0000000000000000 0.0000000000000000 0.0000000000000000 0.0000000000000000 0.0000000000000000 0.0000000000000000 0.0000000000000000 0.0000000000000000 0.0000000000000000 0.0000000000000000 
0.0000000000000000 0.0000000000000000 0.0000000000000000 0.0000000000000000 0.0000000000000000 0.0000000000000000 0.0000000000000000 0.0000000000000000 0.0000000000000000 0.0000000000000000 
0.0000000000000000 0.0000000000000000 0.0000000000000000 0.0000000000000000 0.0000000000000000 0.0000000000000000 0.0000000000000000 0.0000000000000000 0.0000000000000000 0.0000000000000000 
0.0000000000000000 0.0000000000000000 0.0000000000000000 0.0000000000000000 0.0000000000000000 0.0000000000000000 0.0000000000000000 0.0000000000000000 0.0000000000000000 0.0000000000000000 
0.0000000000000000 0.0000000000000000 0.0000000000000000 0.0000000000000000 0.0000000000000000 0.0000000000000000 0.0000000000000000 0.0000000000000000 0.0000000000000000 0.0000000000000000 
0.0000000000000000 0.0000000000000000 0.0000000000000000 0.0000000000000000 0.0000000000000000 0.0000000000000000 0.0000000000000000 0.0000000000000000 0.0000000000000000 0.0000000000000000 
0.0000000000000000 0.0000000000000000 0.0000000000000000 0.0000000000000000 0.0000000000000000 0.0000000000000000 0.0000000000000000 0.0000000000000000 0.0000000000000000 0.0000000000000000 
0.0000000000000000 0.0000000000000000 0.0000000000000000 0.0000000000000000 0.0000000000000000 0.0000000000000000 0.0000000000000000 0.0000000000000000 0.0000000000000000 0.0000000000000000 
0.0000000000000000 0.0000000000000000 0.0000000000000000 0.0000000000000000 0.0000000000000000 0.0000000000000000 0.0000000000000000 0.0000000000000000 0.0000000000000000 0.0000000000000000 
0.0000000000000000 0.0000000000000000 0.0000000000000000 0.0000000000000000 0.0000000000000000 0.0000000000000000 0.0000000000000000 0.0000000000000000 0.0000000000000000 0.0000000000000000 
0.0000000000000000 0.0000000000000000 0.0000000000000000 0.0000000000000000 0.0000000000000000 0.0000000000000000 0.0000000000000000 0.0000000000000000 0.0000000000000000 0.0000000000000000 
0.0000000000000000 0.0000000000000000 0.0000000000000000 0.0000000000000000 0.0000000000000000 0.0000000000000000 0.0000000000000000 0.0000000000000000 0.0000000000000000 0.0000000000000000 
0.0000000000000000 0.0000000000000000 0.0000000000000000 0.0000000000000000 0.0000000000000000 0.0000000000000000 0.0000000000000000 0.0000000000000000 0.0000000000000000 0.0000000000000000 
0.0000000000000000 0.0000000000000000 0.0000000000000000 0.0000000000000000 0.0000000000000000 0.0000000000000000 0.0000000000000000 0.0000000000000000 0.0000000000000000 0.0000000000000000 
0.0000000000000000 0.0000000000000000 0.0000000000000000 0.0000000000000000 0.0000000000000000 0.0000000000000000 0.0000000000000000 0.0000000000000000 0.0000000000000000 0.0000000000000000 
0.0000000000000000 0.0000000000000000 0.0000000000000000 0.0000000000000000 0.0000000000000000 0.0000000000000000 0.0000000000000000 0.0000000000000000 0.0000000000000000 0.0000000000000000 
0.0000000000000000 0.0000000000000000 0.0000000000000000 0.0000000000000000 0.0000000000000000 0.0000000000000000 0.0000000000000000 0.0000000000000000 0.0000000000000000 0.0000000000000000 
0.0000000000000000 0.0000000000000000 0.0000000000000000 0.0000000000000000 0.0000000000000000 0.0000000000000000 0.0000000000000000 0.0000000000000000 0.0000000000000000 0.0000000000000000 
0.0000000000000000 0.0000000000000000 0.0000000000000000 0.0000000000000000 0.0000000000000000 0.0000000000000000 0.0000000000000000 0.0000000000000000 0.0000000000000000 0.0000000000000000 
0.0000000000000000 0.0000000000000000 0.0000000000000000 0.0000000000000000 0.0000000000000000 0.0000000000000000 0.0000000000000000 0.0000000000000000 0.0000000000000000 0.0000000000000000 
